task_20210612_1_Lab/2021-06-12-04-20-09.jpg,1074.816,238.896,1640.256,578.556,MESCHA,1920,1080
task_20210612_1_Lab/2021-06-12-04-20-43.jpg,671.616,233.172,1157.76,692.388,MESCHA,1920,1080
task_20210612_1_Lab/2021-06-12-04-20-51.jpg,789.312,211.896,1329.6,509.112,MESCHA,1920,1080
task_20210612_1_Lab/2021-06-12-04-21-54.jpg,567.36,289.116,868.416,599.724,MESCHA,1920,1080
task_20210612_1_Lab/2021-06-12-04-24-02.jpg,387.84,250.56,978.432,518.724,MESCHA,1920,1080
task_20210612_1_Lab/2021-06-12-04-24-02.jpg,991.872,316.116,1362.432,713.664,MESCHA,1920,1080
task_20210612_1_Lab/2021-06-12-04-24-26.jpg,634.944,298.728,1399.104,702.0,MESCHA,1920,1080
task_20210612_1_Lab/2021-06-12-04-33-01.jpg,808.512,192.672,1067.136,599.724,MESCHA,1920,1080
task_20210612_1_Lab/2021-06-12-04-33-11.jpg,825.984,246.672,1472.448,570.78,MESCHA,1920,1080
task_20210612_1_Lab/2021-06-12-04-38-25.jpg,314.496,192.672,912.768,578.556,MESCHA,1920,1080
task_20210612_1_Lab/2021-06-12-04-38-46.jpg,1063.296,368.172,1466.496,860.328,MESCHA,1920,1080
task_20210612_1_Lab/2021-06-12-04-39-01.jpg,988.032,246.672,1456.896,848.664,MESCHA,1920,1080
task_20210612_1_Lab/2021-06-12-04-39-08.jpg,939.84,265.896,1570.752,628.668,MESCHA,1920,1080
task_20210612_1_Lab/2021-06-12-04-39-57.jpg,330.048,238.896,686.976,613.332,MESCHA,1920,1080
task_20210612_1_Lab/2021-06-12-04-40-01.jpg,387.84,246.672,974.592,609.444,MESCHA,1920,1080
task_20210612_1_Lab/2021-06-12-04-41-00.jpg,1242.816,208.008,1686.528,651.888,MESCHA,1920,1080
task_20210612_1_Lab/2021-06-12-04-41-52.jpg,1148.16,217.728,1800.384,590.112,MESCHA,1920,1080
task_20210612_1_Lab/2021-06-12-04-42-23.jpg,793.152,375.948,1663.488,804.276,MESCHA,1920,1080
task_20210612_1_Lab/2021-06-12-04-43-21.jpg,1076.736,229.284,1474.368,663.444,MESCHA,1920,1080
task_20210612_1_Lab/2021-06-12-04-43-39.jpg,1157.76,171.396,1628.736,839.052,MESCHA,1920,1080
task_20210612_1_Lab/2021-06-12-04-44-30.jpg,1198.272,260.172,1609.344,574.668,MESCHA,1920,1080
task_20210612_1_Lab/2021-06-12-04-46-29.jpg,1238.784,215.784,1709.76,644.112,MESCHA,1920,1080
task_20210612_1_Lab/2021-06-12-04-47-04.jpg,316.416,177.228,708.288,590.112,MESCHA,1920,1080
task_20210612_1_Lab/2021-06-12-04-47-09.jpg,609.792,260.172,1155.84,644.112,MESCHA,1920,1080
task_20210612_1_Lab/2021-06-12-04-47-30.jpg,924.288,221.508,1582.272,613.332,MESCHA,1920,1080
task_20210612_1_Lab/2021-06-12-04-48-19.jpg,1159.68,208.008,1391.232,594.0,MESCHA,1920,1080
task_20210612_1_Lab/2021-06-12-04-48-59.jpg,283.776,310.284,764.16,624.888,MESCHA,1920,1080
task_20210612_1_Lab/2021-06-12-04-49-03.jpg,428.352,337.392,764.16,686.664,MESCHA,1920,1080
task_20210612_1_Lab/2021-06-12-04-49-07.jpg,984.192,252.396,1624.704,528.336,MESCHA,1920,1080
task_20210612_1_Lab/2021-06-12-04-52-12.jpg,1072.896,192.672,1711.68,555.336,MESCHA,1920,1080
task_20210612_1_Lab/2021-06-12-04-52-22.jpg,440.064,262.116,1105.728,594.0,MESCHA,1920,1080
task_20210612_1_Lab/2021-06-12-04-55-32.jpg,310.656,179.064,743.04,653.832,MESCHA,1920,1080
task_20210612_1_Lab/2021-06-12-04-55-40.jpg,503.616,182.952,876.096,590.112,MESCHA,1920,1080
task_20210612_1_Lab/2021-06-12-04-55-44.jpg,501.696,206.172,800.832,522.612,MESCHA,1920,1080
task_20210612_1_Lab/2021-06-12-04-56-50.jpg,899.328,277.56,1200.192,948.996,MESCHA,1920,1080
task_20210612_1_Lab/2021-06-12-04-56-54.jpg,1171.392,269.784,1451.136,628.668,MESCHA,1920,1080
task_20210612_1_Lab/2021-06-12-04-56-59.jpg,878.016,269.784,1512.96,619.056,MESCHA,1920,1080
task_20210612_1_Lab/2021-06-12-04-57-56.jpg,569.28,368.172,1339.2,709.776,MESCHA,1920,1080
task_20210612_1_Lab/2021-06-12-04-58-00.jpg,619.392,277.56,1144.32,659.556,MESCHA,1920,1080
task_20210612_1_Lab/2021-06-12-04-58-04.jpg,1209.984,387.504,1570.752,840.996,MESCHA,1920,1080
task_20210612_1_Lab/2021-06-12-04-58-10.jpg,891.456,304.56,1561.152,673.056,MESCHA,1920,1080
task_20210612_1_Lab/2021-06-12-04-59-35.jpg,320.448,246.672,688.896,725.22,MESCHA,1920,1080
task_20210612_1_Lab/2021-06-12-04-59-50.jpg,1171.392,188.784,1715.52,576.612,MESCHA,1920,1080
task_20210612_1_Lab/2021-06-12-04-59-56.jpg,1069.056,248.616,1443.456,597.888,MESCHA,1920,1080
task_20210612_1_Lab/2021-06-12-05-00-06.jpg,1117.248,206.172,1424.064,541.836,MESCHA,1920,1080
task_20210612_1_Lab/2021-06-12-05-00-43.jpg,1260.096,231.228,1767.552,736.776,MESCHA,1920,1080
task_20210612_1_Lab/2021-06-12-05-01-00.jpg,481.728,0.0,1826.688,1080.0,MESCHA,1920,1080
task_20210612_1_Lab/2021-06-12-05-01-42.jpg,1121.088,206.172,1813.824,572.724,MESCHA,1920,1080
task_20210612_1_Lab/2021-06-12-05-02-05.jpg,1225.344,345.06,1815.744,858.384,MESCHA,1920,1080
task_20210612_1_Lab/2021-06-12-05-03-36.jpg,1217.664,493.668,1721.28,1080.0,MESCHA,1920,1080
task_20210612_1_Lab/2021-06-12-05-03-40.jpg,804.672,223.452,1256.256,538.056,MESCHA,1920,1080
task_20210612_1_Lab/2021-06-12-05-05-34.jpg,974.592,414.504,1532.16,906.552,MESCHA,1920,1080
task_20210612_1_Lab/2021-06-12-05-06-23.jpg,1182.912,196.452,1499.328,794.664,MESCHA,1920,1080
task_20210612_1_Lab/2021-06-12-05-06-27.jpg,681.216,267.84,1153.92,624.888,MESCHA,1920,1080
task_20210612_1_Lab/2021-06-12-05-06-55.jpg,559.68,302.616,1250.496,680.832,MESCHA,1920,1080
task_20210612_1_Lab/2021-06-12-05-06-58.jpg,1127.04,229.284,1331.52,503.28,MESCHA,1920,1080
task_20210612_1_Lab/2021-06-12-05-06-58.jpg,872.256,240.84,1323.84,978.048,MESCHA,1920,1080
task_20210612_1_Lab/2021-06-12-05-07-02.jpg,910.848,254.34,1325.76,530.28,MESCHA,1920,1080
task_20210612_1_Lab/2021-06-12-05-07-07.jpg,1072.896,264.06,1611.264,696.276,MESCHA,1920,1080
task_20210612_1_Lab/2021-06-12-05-07-12.jpg,926.208,260.172,1294.848,732.888,MESCHA,1920,1080
task_20210612_1_Lab/2021-06-12-05-07-16.jpg,1038.144,258.228,1329.6,840.996,MESCHA,1920,1080
task_20210612_1_Lab/2021-06-12-05-07-20.jpg,353.088,281.34,945.6,702.0,MESCHA,1920,1080
task_20210612_1_Lab/2021-06-12-05-07-32.jpg,1333.44,433.836,1717.44,896.94,MESCHA,1920,1080
task_20210612_1_Lab/2021-06-12-05-07-32.jpg,623.232,242.784,989.952,567.0,MESCHA,1920,1080
task_20210612_1_Lab/2021-06-12-05-07-56.jpg,930.048,175.284,1209.984,565.056,MESCHA,1920,1080
task_20210612_1_Lab/2021-06-12-05-08-15.jpg,1007.232,329.616,1346.88,785.052,MESCHA,1920,1080
task_20210612_1_Lab/2021-06-12-05-08-20.jpg,908.928,275.616,1462.656,615.168,MESCHA,1920,1080
task_20210612_1_Lab/2021-06-12-05-08-25.jpg,978.432,215.784,1399.104,532.224,MESCHA,1920,1080
task_20210612_1_Lab/2021-06-12-05-08-33.jpg,1246.656,730.944,1675.008,1080.0,MESCHA,1920,1080
task_20210612_1_Lab/2021-06-12-05-09-16.jpg,557.76,333.504,1362.432,802.44,MESCHA,1920,1080
task_20210612_1_Lab/2021-06-12-05-09-31.jpg,317.184,125.064,1493.568,1080.0,MESCHA,1920,1080
task_20210612_1_Lab/2021-06-12-05-09-35.jpg,1300.608,725.22,1678.848,1080.0,MESCHA,1920,1080
task_20210612_1_Lab/2021-06-12-05-10-25.jpg,961.728,314.28,1339.2,828.36,MESCHA,1920,1080
task_20210612_1_Lab/2021-06-12-05-10-35.jpg,1182.912,132.84,1516.8,968.328,MESCHA,1920,1080
task_20210612_1_Lab/2021-06-12-05-10-35.jpg,499.776,235.116,1084.416,557.28,MESCHA,1920,1080
task_20210612_1_Lab/2021-06-12-05-10-41.jpg,497.856,271.728,1121.088,615.168,MESCHA,1920,1080
task_20210612_1_Lab/2021-06-12-05-10-41.jpg,847.104,204.228,1252.416,522.612,MESCHA,1920,1080
task_20210612_1_Lab/2021-06-12-05-11-13.jpg,281.856,223.452,827.904,636.444,MESCHA,1920,1080
task_20210612_1_Lab/2021-06-12-05-11-28.jpg,1159.68,190.728,1657.536,611.388,MESCHA,1920,1080
task_20210612_1_Lab/2021-06-12-05-11-37.jpg,727.488,229.284,1246.656,501.336,MESCHA,1920,1080
task_20210612_1_Lab/2021-06-12-05-11-37.jpg,538.368,300.672,879.936,972.216,MESCHA,1920,1080
task_20210612_1_Lab/2021-06-12-05-11-52.jpg,648.384,279.396,1018.944,738.72,MESCHA,1920,1080
task_20210612_1_Lab/2021-06-12-05-11-56.jpg,764.16,150.12,1153.92,794.664,MESCHA,1920,1080
task_20210612_1_Lab/2021-06-12-05-12-11.jpg,964.8,264.06,1646.016,634.5,MESCHA,1920,1080
task_20210612_1_Lab/2021-06-12-05-13-04.jpg,580.8,287.172,1005.312,923.94,MESCHA,1920,1080
task_20210612_1_Lab/2021-06-12-05-13-25.jpg,277.824,240.84,739.008,736.776,MESCHA,1920,1080
task_20210612_1_Lab/2021-06-12-05-15-57.jpg,1254.336,235.116,1811.904,715.608,MESCHA,1920,1080
task_20210612_1_Lab/2021-06-12-05-16-17.jpg,1103.808,233.172,1586.304,725.22,MESCHA,1920,1080
task_20210612_1_Lab/2021-06-12-05-17-13.jpg,1192.512,302.616,1785.024,823.608,MESCHA,1920,1080
task_20210612_1_Lab/2021-06-12-05-18-11.jpg,897.408,289.116,1559.232,671.22,MESCHA,1920,1080
task_20210612_1_Lab/2021-06-12-05-20-19.jpg,1441.728,804.276,1698.816,1070.496,MESCHA,1920,1080
task_20210612_1_Lab/2021-06-12-05-20-52.jpg,1171.392,215.784,1825.536,609.444,MESCHA,1920,1080
task_20210612_1_Lab/2021-06-12-05-21-00.jpg,571.2,225.396,1061.376,540.0,MESCHA,1920,1080
task_20210612_1_Lab/2021-06-12-05-22-42.jpg,970.56,256.284,1732.8,630.612,MESCHA,1920,1080
task_20210612_1_Lab/2021-06-12-05-23-18.jpg,953.28,246.672,1206.144,549.612,MESCHA,1920,1080
task_20210612_1_Lab/2021-06-12-05-23-23.jpg,575.04,279.396,1041.984,617.112,MESCHA,1920,1080
task_20210612_1_Lab/2021-06-12-05-23-32.jpg,866.496,273.672,1472.448,582.444,MESCHA,1920,1080
task_20210612_1_Lab/2021-06-12-05-24-08.jpg,812.352,233.172,1399.104,640.332,MESCHA,1920,1080
task_20210612_1_Lab/2021-06-12-05-24-36.jpg,1057.536,246.672,1505.088,792.72,MESCHA,1920,1080
task_20210612_1_Lab/2021-06-12-05-25-42.jpg,769.92,209.952,1076.736,536.112,MESCHA,1920,1080
task_20210612_1_Lab/2021-06-12-05-27-25.jpg,1211.904,252.396,1754.112,692.388,MESCHA,1920,1080
task_20210612_1_Lab/2021-06-12-05-27-29.jpg,820.224,308.448,1487.808,675.0,MESCHA,1920,1080
task_20210612_1_Lab/2021-06-12-05-27-45.jpg,1084.416,202.284,1458.816,532.224,MESCHA,1920,1080
task_20210612_1_Lab/2021-06-12-05-28-48.jpg,905.088,335.448,1665.408,675.0,MESCHA,1920,1080
task_20210612_1_Lab/2021-06-12-05-28-55.jpg,1208.064,184.896,1653.696,607.5,MESCHA,1920,1080
task_20210612_1_Lab/2021-06-12-05-30-51.jpg,1161.6,206.172,1798.464,559.224,MESCHA,1920,1080
task_20210612_1_Lab/2021-06-12-05-35-04.jpg,623.232,188.784,1092.288,545.724,MESCHA,1920,1080
task_20210612_1_Lab/2021-06-12-05-36-01.jpg,1070.976,161.784,1395.264,524.556,MESCHA,1920,1080
task_20210612_1_Lab/2021-06-12-05-36-24.jpg,1256.256,233.172,1767.552,736.776,MESCHA,1920,1080
task_20210612_1_Lab/2021-06-12-05-36-54.jpg,1267.776,262.116,1675.008,661.5,MESCHA,1920,1080
task_20210612_1_Lab/2021-06-12-05-36-58.jpg,1279.296,717.444,1657.536,1072.548,MESCHA,1920,1080
task_20210612_1_Lab/2021-06-12-05-37-11.jpg,1069.056,567.0,1676.928,1080.0,MESCHA,1920,1080
task_20210612_1_Lab/2021-06-12-05-37-27.jpg,640.704,167.508,1028.544,761.832,MESCHA,1920,1080
task_20210612_1_Lab/2021-06-12-05-37-35.jpg,540.288,221.508,903.168,802.44,MESCHA,1920,1080
task_20210612_1_Lab/2021-06-12-05-37-40.jpg,555.84,198.396,1177.152,563.112,MESCHA,1920,1080
task_20210612_1_Lab/2021-06-12-05-37-52.jpg,1186.752,221.508,1815.744,594.0,MESCHA,1920,1080
task_20210612_1_Lab/2021-06-12-05-39-29.jpg,515.328,252.396,864.576,821.664,MESCHA,1920,1080
task_20210612_1_Lab/2021-06-12-05-39-50.jpg,1101.888,225.396,1570.752,678.888,MESCHA,1920,1080
task_20210612_1_Lab/2021-06-12-05-39-56.jpg,1138.56,651.888,1653.696,1080.0,MESCHA,1920,1080
task_20210612_1_Lab/2021-06-12-05-40-00.jpg,1001.472,304.56,1275.456,746.388,MESCHA,1920,1080
task_20210612_1_Lab/2021-06-12-05-40-15.jpg,295.296,248.616,704.448,619.056,MESCHA,1920,1080
task_20210612_1_Lab/2021-06-12-05-40-19.jpg,986.112,318.06,1360.512,732.888,MESCHA,1920,1080
task_20210612_1_Lab/2021-06-12-05-41-15.jpg,1166.592,831.384,1604.352,1080.0,MESCHA,1920,1080
task_20210612_1_Lab/2021-06-12-05-41-25.jpg,355.008,287.172,829.824,837.108,MESCHA,1920,1080
task_20210612_1_Lab/2021-06-12-05-41-25.jpg,1206.144,646.056,1680.768,1080.0,MESCHA,1920,1080
task_20210612_1_Lab/2021-06-12-05-41-29.jpg,825.984,264.06,1242.816,736.776,MESCHA,1920,1080
task_20210612_1_Lab/2021-06-12-05-41-29.jpg,841.344,217.728,1445.376,532.224,MESCHA,1920,1080
task_20210612_1_Lab/2021-06-12-05-41-33.jpg,939.84,182.952,1292.928,788.832,MESCHA,1920,1080
task_20210612_1_Lab/2021-06-12-05-41-33.jpg,972.672,240.84,1511.04,474.336,MESCHA,1920,1080
task_20210612_1_Lab/2021-06-12-05-41-38.jpg,650.304,117.396,1171.392,514.836,MESCHA,1920,1080
task_20210612_1_Lab/2021-06-12-05-41-38.jpg,764.16,279.396,1148.16,806.22,MESCHA,1920,1080
task_20210612_1_Lab/2021-06-12-05-41-41.jpg,642.624,177.228,936.0,786.996,MESCHA,1920,1080
task_20210612_1_Lab/2021-06-12-05-41-41.jpg,827.904,256.284,1005.312,493.668,MESCHA,1920,1080
task_20210612_1_Lab/2021-06-12-05-41-46.jpg,812.352,235.116,1447.296,518.724,MESCHA,1920,1080
task_20210612_1_Lab/2021-06-12-05-41-46.jpg,561.6,171.396,893.376,796.608,MESCHA,1920,1080
task_20210612_1_Lab/2021-06-12-05-41-53.jpg,683.136,200.34,1040.064,792.72,MESCHA,1920,1080
task_20210612_1_Lab/2021-06-12-05-41-58.jpg,903.168,184.896,1242.816,790.776,MESCHA,1920,1080
task_20210612_1_Lab/2021-06-12-05-41-58.jpg,1152.0,142.452,1424.064,615.168,MESCHA,1920,1080
task_20210612_1_Lab/2021-06-12-05-42-05.jpg,654.144,211.896,1262.016,827.496,MESCHA,1920,1080
task_20210612_1_Lab/2021-06-12-05-42-05.jpg,791.232,227.34,1300.608,499.392,MESCHA,1920,1080
task_20210612_1_Lab/2021-06-12-05-42-11.jpg,854.784,155.952,1134.72,815.94,MESCHA,1920,1080
task_20210612_1_Lab/2021-06-12-05-42-15.jpg,1022.784,246.672,1350.72,729.108,MESCHA,1920,1080
task_20210612_1_Lab/2021-06-12-05-42-15.jpg,584.64,219.672,1022.784,499.392,MESCHA,1920,1080
task_20210612_1_Lab/2021-06-12-05-42-18.jpg,596.352,157.896,893.376,748.332,MESCHA,1920,1080
task_20210612_1_Lab/2021-06-12-05-42-25.jpg,997.632,175.284,1302.528,796.608,MESCHA,1920,1080
task_20210612_1_Lab/2021-06-12-05-42-32.jpg,930.048,265.896,1370.112,821.664,MESCHA,1920,1080
task_20210612_1_Lab/2021-06-12-05-42-37.jpg,999.552,148.284,1331.52,817.776,MESCHA,1920,1080
task_20210612_1_Lab/2021-06-12-05-42-44.jpg,696.576,289.116,1508.928,690.444,MESCHA,1920,1080
task_20210612_1_Lab/2021-06-12-05-42-44.jpg,1468.416,794.664,1692.288,1080.0,MESCHA,1920,1080
task_20210612_1_Lab/2021-06-12-05-42-50.jpg,232.704,44.712,1617.408,1080.0,MESCHA,1920,1080
task_20210612_1_Lab/2021-06-12-05-42-54.jpg,810.432,211.896,1067.52,492.048,MESCHA,1920,1080
task_20210612_1_Lab/2021-06-12-05-42-54.jpg,182.976,297.54,1294.464,1080.0,MESCHA,1920,1080
task_20210612_1_Lab/2021-06-12-05-42-58.jpg,1202.304,256.284,1748.352,698.22,MESCHA,1920,1080
task_20210612_1_Lab/2021-06-12-05-42-58.jpg,438.144,275.616,831.744,653.832,MESCHA,1920,1080
task_20210612_1_Lab/2021-06-12-05-43-05.jpg,1321.92,443.448,1783.104,923.94,MESCHA,1920,1080
task_20210612_1_Lab/2021-06-12-05-43-27.jpg,899.328,215.784,1130.88,505.224,MESCHA,1920,1080
task_20210612_1_Lab/2021-06-12-05-43-35.jpg,1157.76,493.668,1730.88,1080.0,MESCHA,1920,1080
task_20210612_1_Lab/2021-06-12-05-43-41.jpg,495.936,221.508,1103.808,534.168,MESCHA,1920,1080
task_20210612_1_Lab/2021-06-12-05-44-33.jpg,1115.328,360.504,1480.128,1080.0,MESCHA,1920,1080
task_20210612_1_Lab/2021-06-12-05-44-37.jpg,621.312,277.56,897.408,673.056,MESCHA,1920,1080
task_20210612_1_Lab/2021-06-12-05-44-43.jpg,916.608,281.34,1453.056,597.888,MESCHA,1920,1080
task_20210612_1_Lab/2021-06-12-05-44-51.jpg,1208.064,233.172,1740.672,667.332,MESCHA,1920,1080
task_20210612_1_Lab/2021-06-12-05-45-09.jpg,536.448,279.396,1215.744,590.112,MESCHA,1920,1080
task_20210612_1_Lab/2021-06-12-05-45-14.jpg,293.376,46.116,1560.384,1080.0,MESCHA,1920,1080
task_20210612_1_Lab/2021-06-12-05-45-19.jpg,646.464,229.284,1165.632,501.336,MESCHA,1920,1080
task_20210612_1_Lab/2021-06-12-05-45-42.jpg,552.0,248.616,829.824,505.224,MESCHA,1920,1080
task_20210612_1_Lab/2021-06-12-05-46-15.jpg,254.784,331.56,1269.696,1080.0,MESCHA,1920,1080
task_20210612_1_Lab/2021-06-12-05-46-23.jpg,379.584,0.0,1763.328,1080.0,MESCHA,1920,1080
task_20210612_1_Lab/2021-06-12-05-46-30.jpg,717.888,200.34,924.288,480.168,MESCHA,1920,1080
task_20210612_1_Lab/2021-06-12-05-46-37.jpg,306.816,264.06,769.92,723.276,MESCHA,1920,1080
task_20210612_1_Lab/2021-06-12-05-46-37.jpg,1325.76,455.004,1746.432,931.716,MESCHA,1920,1080
task_20210612_1_Lab/2021-06-12-05-47-07.jpg,1072.896,236.952,1522.56,736.776,MESCHA,1920,1080
task_20210612_1_Lab/2021-06-12-05-47-11.jpg,995.712,283.284,1632.576,730.944,MESCHA,1920,1080
task_20210612_1_Lab/2021-06-12-05-47-18.jpg,629.952,351.972,935.616,738.288,MESCHA,1920,1080
task_20210612_1_Lab/2021-06-12-05-47-23.jpg,678.912,346.788,1257.792,776.088,MESCHA,1920,1080
task_20210612_1_Lab/2021-06-12-05-47-29.jpg,912.768,337.392,1397.184,792.72,MESCHA,1920,1080
task_20210612_1_Lab/2021-06-12-05-47-34.jpg,787.392,293.004,1227.264,759.888,MESCHA,1920,1080
task_20210612_1_Lab/2021-06-12-05-47-41.jpg,879.936,302.616,1385.472,806.22,MESCHA,1920,1080
task_20210612_1_Lab/2021-06-12-05-47-50.jpg,768.0,233.172,1179.072,526.5,MESCHA,1920,1080
task_20210612_1_Lab/2021-06-12-05-48-27.jpg,1119.168,337.392,1485.888,673.056,MESCHA,1920,1080
task_20210612_1_Lab/2021-06-12-05-48-31.jpg,692.736,190.728,1043.904,648.0,MESCHA,1920,1080
task_20210612_1_Lab/2021-06-12-05-49-29.jpg,1188.672,204.228,1655.616,586.224,MESCHA,1920,1080
task_20210612_1_Lab/2021-06-12-05-50-50.jpg,995.712,310.284,1615.104,675.0,MESCHA,1920,1080
task_20210612_1_Lab/2021-06-12-05-50-56.jpg,633.024,206.172,1292.928,574.668,MESCHA,1920,1080
task_20210612_1_Lab/2021-06-12-05-51-53.jpg,955.2,310.284,1433.856,676.944,MESCHA,1920,1080
task_20210612_1_Lab/2021-06-12-05-51-58.jpg,870.336,273.672,1570.752,611.388,MESCHA,1920,1080
task_20210612_1_Lab/2021-06-12-05-53-09.jpg,1096.128,115.452,1669.248,536.112,MESCHA,1920,1080
task_20210612_1_Lab/2021-06-12-05-53-34.jpg,1043.904,275.616,1497.408,705.888,MESCHA,1920,1080
task_20210612_1_Lab/2021-06-12-05-54-55.jpg,293.376,177.228,812.352,638.388,MESCHA,1920,1080
task_20210612_1_Lab/2021-06-12-05-54-58.jpg,432.96,226.368,1122.048,587.628,MESCHA,1920,1080
task_20210612_1_Lab/2021-06-12-05-55-04.jpg,289.728,345.492,764.352,735.264,MESCHA,1920,1080
task_20210612_1_Lab/2021-06-12-05-55-04.jpg,1275.84,672.948,1695.552,1080.0,MESCHA,1920,1080
task_20210612_1_Lab/2021-06-12-05-55-37.jpg,781.632,229.284,1051.776,534.168,MESCHA,1920,1080
task_20210612_1_Lab/2021-06-12-05-55-47.jpg,449.664,318.06,1169.472,692.388,MESCHA,1920,1080
task_20210612_1_Lab/2021-06-12-05-56-26.jpg,841.344,325.728,1636.416,690.444,MESCHA,1920,1080
task_20210612_1_Lab/2021-06-12-05-56-30.jpg,1067.136,277.56,1460.736,657.612,MESCHA,1920,1080
task_20210612_1_Lab/2021-06-12-05-57-33.jpg,1121.472,630.612,1674.816,1047.384,MESCHA,1920,1080
task_20210612_1_Lab/2021-06-12-05-57-39.jpg,308.736,100.008,754.56,611.388,MESCHA,1920,1080
task_20210612_1_Lab/2021-06-12-05-57-39.jpg,648.384,225.396,937.92,505.224,MESCHA,1920,1080
task_20210612_1_Lab/2021-06-12-05-58-18.jpg,1020.864,559.224,1725.12,1066.716,MESCHA,1920,1080
task_20210612_1_Lab/2021-06-12-05-58-22.jpg,962.88,603.612,1761.792,1080.0,MESCHA,1920,1080
task_20210612_1_Lab/2021-06-12-05-58-25.jpg,1171.776,646.056,1653.312,1076.76,MESCHA,1920,1080
task_20210612_1_Lab/2021-06-12-05-58-29.jpg,727.488,273.672,1061.376,792.72,MESCHA,1920,1080
task_20210612_1_Lab/2021-06-12-05-58-34.jpg,590.592,211.896,989.952,696.276,MESCHA,1920,1080
task_20210612_1_Lab/2021-06-12-05-58-44.jpg,1314.048,655.776,1711.68,1039.716,MESCHA,1920,1080
task_20210612_1_Lab/2021-06-12-05-58-48.jpg,602.112,242.784,1103.808,485.892,MESCHA,1920,1080
task_20210612_1_Lab/2021-06-12-05-59-13.jpg,646.464,262.116,989.952,478.224,MESCHA,1920,1080
task_20210612_1_Lab/2021-06-12-05-59-18.jpg,773.76,269.784,1225.344,480.168,MESCHA,1920,1080
task_20210612_1_Lab/2021-06-12-05-59-18.jpg,1360.512,429.948,1752.192,921.996,MESCHA,1920,1080
task_20210612_1_Lab/2021-06-12-05-59-22.jpg,465.984,222.372,979.392,671.976,MESCHA,1920,1080
task_20210612_1_Lab/2021-06-12-05-59-22.jpg,711.168,270.54,1168.512,486.648,MESCHA,1920,1080
task_20210612_1_Lab/2021-06-12-05-59-27.jpg,350.4,214.92,1098.24,601.668,MESCHA,1920,1080
task_20210612_1_Lab/2021-06-12-05-59-27.jpg,852.864,233.496,1269.696,483.516,MESCHA,1920,1080
task_20210612_1_Lab/2021-06-12-05-59-31.jpg,719.808,248.616,1231.104,470.448,MESCHA,1920,1080
task_20210612_1_Lab/2021-06-12-05-59-59.jpg,793.152,138.564,1346.88,549.612,MESCHA,1920,1080
task_20210612_1_Lab/2021-06-12-06-00-18.jpg,743.04,225.396,1296.768,530.28,MESCHA,1920,1080
task_20210612_1_Lab/2021-06-12-06-00-26.jpg,717.888,223.452,1134.72,528.336,MESCHA,1920,1080
task_20210612_1_Lab/2021-06-12-06-00-40.jpg,868.416,233.172,1233.024,588.168,MESCHA,1920,1080
task_20210612_1_Lab/2021-06-12-06-00-45.jpg,934.08,252.396,1528.32,551.556,MESCHA,1920,1080
task_20210612_1_Lab/2021-06-12-06-00-45.jpg,1196.352,603.612,1676.928,1076.436,MESCHA,1920,1080
task_20210612_1_Lab/2021-06-12-06-01-04.jpg,735.168,252.396,1113.408,507.168,MESCHA,1920,1080
task_20210612_1_Lab/2021-06-12-06-01-09.jpg,470.784,240.84,1127.04,621.0,MESCHA,1920,1080
task_20210612_1_Lab/2021-06-12-06-01-13.jpg,604.032,231.228,930.048,746.388,MESCHA,1920,1080
task_20210612_1_Lab/2021-06-12-06-02-02.jpg,1192.512,538.056,1682.688,1080.0,MESCHA,1920,1080
task_20210612_1_Lab/2021-06-12-06-02-15.jpg,874.176,235.116,1401.024,588.168,MESCHA,1920,1080
task_20210612_1_Lab/2021-06-12-06-02-18.jpg,1055.616,285.228,1254.336,493.668,MESCHA,1920,1080
task_20210612_1_Lab/2021-06-12-06-02-18.jpg,1211.136,673.92,1671.936,1080.0,MESCHA,1920,1080
task_20210612_1_Lab/2021-06-12-06-02-22.jpg,677.376,246.672,1038.144,549.612,MESCHA,1920,1080
task_20210612_1_Lab/2021-06-12-06-03-24.jpg,783.552,233.172,1344.96,599.724,MESCHA,1920,1080
task_20210612_1_Lab/2021-06-12-06-03-44.jpg,615.552,240.84,1096.128,557.28,MESCHA,1920,1080
task_20210612_1_Lab/2021-06-12-06-04-41.jpg,1082.688,262.116,1541.76,489.78,MESCHA,1920,1080
task_20210612_1_Lab/2021-06-12-06-05-55.jpg,1038.144,269.784,1337.28,617.112,MESCHA,1920,1080
task_20210612_1_Lab/2021-06-12-06-07-21.jpg,694.656,343.116,1022.784,765.72,MESCHA,1920,1080
task_20210612_1_Lab/2021-06-12-06-07-28.jpg,257.28,326.592,1797.12,1072.116,MESCHA,1920,1080
task_20210612_1_Lab/2021-06-12-06-07-34.jpg,901.248,267.84,1592.064,669.276,MESCHA,1920,1080
task_20210612_1_Lab/2021-06-12-06-07-41.jpg,1196.352,238.896,1707.84,595.944,MESCHA,1920,1080
task_20210612_1_Lab/2021-06-12-06-07-46.jpg,903.168,304.56,1188.672,758.052,MESCHA,1920,1080
task_20210612_1_Lab/2021-06-12-06-07-50.jpg,1049.856,204.228,1505.088,549.612,MESCHA,1920,1080
task_20210612_1_Lab/2021-06-12-06-07-50.jpg,287.616,350.892,696.576,736.776,MESCHA,1920,1080
task_20210612_1_Lab/2021-06-12-06-07-54.jpg,571.2,298.728,878.016,786.996,MESCHA,1920,1080
task_20210612_1_Lab/2021-06-12-06-07-54.jpg,887.616,242.784,1541.76,570.78,MESCHA,1920,1080
task_20210612_1_Lab/2021-06-12-06-08-00.jpg,219.072,218.808,1603.776,1080.0,MESCHA,1920,1080
task_20210612_1_Lab/2021-06-12-06-08-09.jpg,372.48,242.784,1225.344,707.832,MESCHA,1920,1080
task_20210612_1_Lab/2021-06-12-06-08-13.jpg,681.216,206.172,1072.896,561.168,MESCHA,1920,1080
task_20210612_1_Lab/2021-06-12-06-08-24.jpg,1136.64,555.336,1646.016,1080.0,MESCHA,1920,1080
task_20210612_1_Lab/2021-06-12-06-08-29.jpg,532.608,356.616,864.576,744.552,MESCHA,1920,1080
task_20210612_1_Lab/2021-06-12-06-08-29.jpg,1202.304,702.0,1692.288,1080.0,MESCHA,1920,1080
task_20210612_1_Lab/2021-06-12-06-08-34.jpg,712.128,217.728,1184.832,482.112,MESCHA,1920,1080
task_20210612_1_Lab/2021-06-12-06-08-34.jpg,1138.56,264.06,1615.104,812.052,MESCHA,1920,1080
task_20210612_1_Lab/2021-06-12-06-08-39.jpg,492.096,325.728,879.936,648.0,MESCHA,1920,1080
task_20210612_1_Lab/2021-06-12-06-08-39.jpg,854.976,365.364,1285.248,735.912,MESCHA,1920,1080
task_20210612_1_Lab/2021-06-12-06-08-42.jpg,677.76,337.608,964.608,785.16,MESCHA,1920,1080
task_20210612_1_Lab/2021-06-12-06-08-42.jpg,1051.392,262.008,1670.592,495.18,MESCHA,1920,1080
task_20210612_1_Lab/2021-06-12-06-09-07.jpg,1152.0,223.452,1750.272,578.556,MESCHA,1920,1080
task_20210612_1_Lab/2021-06-12-06-09-15.jpg,612.864,246.456,860.544,558.36,MESCHA,1920,1080
task_20210612_1_Lab/2021-06-12-06-09-15.jpg,855.744,264.06,1315.584,494.1,MESCHA,1920,1080
task_20210612_1_Lab/2021-06-12-06-09-19.jpg,1072.896,345.06,1395.264,777.276,MESCHA,1920,1080
task_20210612_1_Lab/2021-06-12-06-09-19.jpg,644.544,258.228,1123.008,582.444,MESCHA,1920,1080
task_20210612_1_Lab/2021-06-12-06-09-23.jpg,1187.904,291.816,1438.08,595.188,MESCHA,1920,1080
task_20210612_1_Lab/2021-06-12-06-09-23.jpg,440.064,0.0,1333.824,1080.0,MESCHA,1920,1080
task_20210612_1_Lab/2021-06-12-06-09-26.jpg,359.424,42.66,1443.264,1080.0,MESCHA,1920,1080
task_20210612_1_Lab/2021-06-12-06-09-31.jpg,355.008,8.856,1700.352,1080.0,MESCHA,1920,1080
task_20210612_1_Lab/2021-06-12-06-09-39.jpg,387.264,42.228,1604.352,1080.0,MESCHA,1920,1080
task_20210612_1_Lab/2021-06-12-06-09-48.jpg,580.8,474.336,1694.208,1080.0,MESCHA,1920,1080
task_20210612_1_Lab/2021-06-12-06-09-48.jpg,648.384,264.06,1267.776,472.392,MESCHA,1920,1080
task_20210612_1_Lab/2021-06-12-06-09-55.jpg,816.192,275.616,1393.152,480.168,MESCHA,1920,1080
task_20210612_1_Lab/2021-06-12-06-09-55.jpg,312.576,341.172,669.696,723.276,MESCHA,1920,1080
task_20210612_1_Lab/2021-06-12-06-09-59.jpg,670.656,263.52,1075.776,534.492,MESCHA,1920,1080
task_20210612_1_Lab/2021-06-12-06-09-59.jpg,883.584,309.852,1191.552,756.756,MESCHA,1920,1080
task_20210612_1_Lab/2021-06-12-06-10-03.jpg,1279.296,362.448,1771.392,721.332,MESCHA,1920,1080
task_20210612_1_Lab/2021-06-12-06-10-03.jpg,571.2,321.948,860.736,812.052,MESCHA,1920,1080
task_20210612_1_Lab/2021-06-12-06-10-03.jpg,719.808,294.948,1167.552,474.336,MESCHA,1920,1080
task_20210612_1_Lab/2021-06-12-06-10-07.jpg,1144.32,254.34,1343.04,530.28,MESCHA,1920,1080
task_20210612_1_Lab/2021-06-12-06-10-07.jpg,575.04,279.396,908.928,837.108,MESCHA,1920,1080
task_20210612_1_Lab/2021-06-12-06-10-07.jpg,424.512,281.34,1078.656,464.724,MESCHA,1920,1080
task_20210612_1_Lab/2021-06-12-06-10-13.jpg,586.56,362.448,1385.472,723.276,MESCHA,1920,1080
task_20210612_1_Lab/2021-06-12-06-10-51.jpg,793.152,298.728,1208.064,829.44,MESCHA,1920,1080
task_20210612_1_Lab/2021-06-12-06-11-06.jpg,320.448,287.172,710.208,655.776,MESCHA,1920,1080
task_20210612_1_Lab/2021-06-12-06-11-14.jpg,1157.76,260.172,1781.184,721.332,MESCHA,1920,1080
task_20210612_1_Lab/2021-06-12-06-11-25.jpg,532.608,206.172,1153.92,526.5,MESCHA,1920,1080
task_20210612_1_Lab/2021-06-12-06-11-35.jpg,586.56,254.34,1320.0,636.444,MESCHA,1920,1080
task_20210612_1_Lab/2021-06-12-06-11-40.jpg,634.944,221.508,953.28,536.112,MESCHA,1920,1080
task_20210612_1_Lab/2021-06-12-06-11-45.jpg,702.336,227.34,1136.64,497.448,MESCHA,1920,1080
task_20210612_1_Lab/2021-06-12-06-11-45.jpg,331.968,281.34,787.392,698.22,MESCHA,1920,1080
task_20210612_1_Lab/2021-06-12-06-11-53.jpg,551.232,86.184,1827.072,1079.568,MESCHA,1920,1080
task_20210612_1_Lab/2021-06-12-06-11-57.jpg,665.664,285.012,1899.456,1080.0,MESCHA,1920,1080
task_20210612_1_Lab/2021-06-12-06-11-57.jpg,1054.656,268.38,1382.592,540.648,MESCHA,1920,1080
task_20210612_1_Lab/2021-06-12-06-11-57.jpg,632.448,232.2,843.648,474.012,MESCHA,1920,1080
task_20210612_1_Lab/2021-06-12-06-12-01.jpg,643.584,0.0,1887.168,1080.0,MESCHA,1920,1080
task_20210612_1_Lab/2021-06-12-06-12-09.jpg,808.512,202.284,1153.92,532.224,MESCHA,1920,1080
task_20210612_1_Lab/2021-06-12-06-12-40.jpg,729.408,293.004,980.352,622.944,MESCHA,1920,1080
task_20210612_1_Lab/2021-06-12-06-12-44.jpg,1252.416,904.608,1607.424,1080.0,MESCHA,1920,1080
task_20210612_1_Lab/2021-06-12-06-13-36.jpg,927.36,282.528,1325.76,676.188,MESCHA,1920,1080
task_20210612_1_Lab/2021-06-12-06-13-40.jpg,924.288,204.228,1505.088,711.72,MESCHA,1920,1080
task_20210612_1_Lab/2021-06-12-06-13-48.jpg,924.288,264.06,1408.704,758.052,MESCHA,1920,1080
task_20210612_1_Lab/2021-06-12-06-13-59.jpg,1024.704,580.5,1593.984,1080.0,MESCHA,1920,1080
task_20210612_1_Lab/2021-06-12-06-14-11.jpg,535.104,142.02,1815.744,1080.0,MESCHA,1920,1080
task_20210612_1_Lab/2021-06-12-06-14-33.jpg,670.464,203.364,1814.208,1078.596,MESCHA,1920,1080
task_20210612_1_Lab/2021-06-12-06-14-53.jpg,883.776,246.672,1412.544,530.28,MESCHA,1920,1080
task_20210612_1_Lab/2021-06-12-06-15-12.jpg,899.328,333.504,1366.272,850.608,MESCHA,1920,1080
task_20210612_1_Lab/2021-06-12-06-15-29.jpg,526.848,262.116,964.992,572.724,MESCHA,1920,1080
task_20210612_1_Lab/2021-06-12-06-15-34.jpg,411.072,296.784,1117.248,709.776,MESCHA,1920,1080
task_20210612_1_Lab/2021-06-12-06-15-41.jpg,872.256,248.616,1464.576,545.724,MESCHA,1920,1080
task_20210612_1_Lab/2021-06-12-06-16-31.jpg,573.312,188.784,1694.016,1080.0,MESCHA,1920,1080
task_20210612_1_Lab/2021-06-12-06-16-36.jpg,561.6,541.836,1835.136,1080.0,MESCHA,1920,1080
task_20210612_1_Lab/2021-06-12-06-16-43.jpg,831.744,619.056,1244.736,1080.0,MESCHA,1920,1080
task_20210612_1_Lab/2021-06-12-06-16-43.jpg,1318.08,387.504,1597.824,792.72,MESCHA,1920,1080
task_20210612_1_Lab/2021-06-12-06-16-54.jpg,472.704,248.616,795.072,624.888,MESCHA,1920,1080
task_20210612_1_Lab/2021-06-12-06-17-03.jpg,818.304,271.728,1412.544,588.168,MESCHA,1920,1080
task_20210612_1_Lab/2021-06-12-06-17-37.jpg,490.176,298.728,964.8,663.444,MESCHA,1920,1080
task_20210612_1_Lab/2021-06-12-06-18-21.jpg,951.36,238.896,1250.496,582.444,MESCHA,1920,1080
task_20210612_1_Lab/2021-06-12-06-18-57.jpg,492.096,233.172,1069.056,563.112,MESCHA,1920,1080
task_20210612_1_Lab/2021-06-12-06-19-08.jpg,1096.128,345.06,1398.912,825.552,MESCHA,1920,1080
task_20210612_1_Lab/2021-06-12-06-19-08.jpg,607.872,223.452,978.432,549.612,MESCHA,1920,1080
task_20210612_1_Lab/2021-06-12-06-19-14.jpg,534.528,268.056,980.736,562.788,MESCHA,1920,1080
task_20210612_1_Lab/2021-06-12-06-19-14.jpg,931.2,261.36,1276.992,503.82,MESCHA,1920,1080
task_20210612_1_Lab/2021-06-12-06-19-19.jpg,1111.68,828.36,1683.648,1080.0,MESCHA,1920,1080
task_20210612_1_Lab/2021-06-12-06-19-27.jpg,1016.064,186.948,1596.864,526.608,MESCHA,1920,1080
task_20210612_1_Lab/2021-06-12-06-19-27.jpg,1269.696,808.164,1630.656,1078.38,MESCHA,1920,1080
task_20210612_1_Lab/2021-06-12-06-19-33.jpg,312.576,288.252,827.136,738.504,MESCHA,1920,1080
task_20210612_1_Lab/2021-06-12-06-19-33.jpg,832.512,252.072,1431.36,516.024,MESCHA,1920,1080
task_20210612_1_Lab/2021-06-12-06-19-42.jpg,796.992,240.84,1198.272,526.5,MESCHA,1920,1080
task_20210612_1_Lab/2021-06-12-06-19-47.jpg,951.36,235.116,1296.768,570.78,MESCHA,1920,1080
task_20210612_1_Lab/2021-06-12-06-19-47.jpg,282.048,230.904,805.056,601.344,MESCHA,1920,1080
task_20210612_1_Lab/2021-06-12-06-19-53.jpg,402.816,339.336,1118.208,688.284,MESCHA,1920,1080
task_20210612_1_Lab/2021-06-12-06-19-57.jpg,617.472,304.56,1047.744,916.272,MESCHA,1920,1080
task_20210612_1_Lab/2021-06-12-06-20-08.jpg,989.952,264.276,1311.744,773.712,MESCHA,1920,1080
task_20210612_1_Lab/2021-06-12-06-20-08.jpg,649.536,204.012,1182.144,465.696,MESCHA,1920,1080
task_20210612_1_Lab/2021-06-12-06-20-14.jpg,598.272,240.84,1132.8,512.892,MESCHA,1920,1080
task_20210612_1_Lab/2021-06-12-06-20-14.jpg,1211.904,350.892,1578.432,703.944,MESCHA,1920,1080
task_20210612_1_Lab/2021-06-12-06-20-14.jpg,1124.928,582.444,1690.368,1045.548,MESCHA,1920,1080
task_20210612_1_Lab/2021-06-12-06-20-17.jpg,762.24,181.008,1020.864,622.944,MESCHA,1920,1080
task_20210612_1_Lab/2021-06-12-06-20-22.jpg,970.752,244.728,1182.912,516.78,MESCHA,1920,1080
task_20210612_1_Lab/2021-06-12-06-20-43.jpg,775.68,217.728,980.352,528.336,MESCHA,1920,1080
task_20210612_1_Lab/2021-06-12-06-21-20.jpg,714.048,225.396,930.048,538.056,MESCHA,1920,1080
task_20210612_1_Lab/2021-06-12-06-21-28.jpg,796.608,694.656,1683.456,1080.0,MESCHA,1920,1080
task_20210612_1_Lab/2021-06-12-06-21-28.jpg,592.512,310.284,999.552,621.0,MESCHA,1920,1080
task_20210612_1_Lab/2021-06-12-06-21-32.jpg,636.864,435.78,1039.68,1079.892,MESCHA,1920,1080
task_20210612_1_Lab/2021-06-12-06-21-32.jpg,1012.032,223.02,1641.792,540.216,MESCHA,1920,1080
task_20210612_1_Lab/2021-06-12-06-21-40.jpg,389.76,258.228,957.12,518.724,MESCHA,1920,1080
task_20210612_1_Lab/2021-06-12-06-21-40.jpg,771.84,267.84,1383.552,611.388,MESCHA,1920,1080
task_20210612_1_Lab/2021-06-12-06-22-38.jpg,750.912,521.748,1561.344,1080.0,MESCHA,1920,1080
task_20210612_1_Lab/2021-06-12-06-22-42.jpg,685.056,223.452,1260.096,478.224,MESCHA,1920,1080
task_20210612_1_Lab/2021-06-12-06-22-42.jpg,422.592,287.172,1121.088,588.168,MESCHA,1920,1080
task_20210612_1_Lab/2021-06-12-06-22-56.jpg,808.512,206.172,1169.472,541.836,MESCHA,1920,1080
task_20210612_1_Lab/2021-06-12-06-23-13.jpg,1174.656,195.048,1758.336,595.62,MESCHA,1920,1080
task_20210612_1_Lab/2021-06-12-06-23-35.jpg,804.672,211.896,1136.64,640.332,MESCHA,1920,1080
task_20210612_1_Lab/2021-06-12-06-23-39.jpg,1186.752,271.728,1813.824,667.332,MESCHA,1920,1080
task_20210612_1_Lab/2021-06-12-06-23-54.jpg,999.552,264.06,1372.032,686.664,MESCHA,1920,1080
task_20210612_1_Lab/2021-06-12-06-24-15.jpg,1170.048,236.196,1809.216,666.9,MESCHA,1920,1080
task_20210612_1_Lab/2021-06-12-06-24-31.jpg,1009.152,252.396,1209.984,503.28,MESCHA,1920,1080
task_20210612_1_Lab/2021-06-12-06-24-43.jpg,328.128,254.34,746.88,779.22,MESCHA,1920,1080
task_20210612_1_Lab/2021-06-12-06-24-47.jpg,490.176,273.672,1059.456,499.392,MESCHA,1920,1080
task_20210612_1_Lab/2021-06-12-06-24-47.jpg,860.736,327.672,1632.576,738.72,MESCHA,1920,1080
task_20210612_1_Lab/2021-06-12-06-24-51.jpg,476.736,244.728,978.432,893.052,MESCHA,1920,1080
task_20210612_1_Lab/2021-06-12-06-24-51.jpg,686.976,256.284,1092.288,491.724,MESCHA,1920,1080
task_20210612_1_Lab/2021-06-12-06-25-38.jpg,482.496,302.616,885.696,962.496,MESCHA,1920,1080
task_20210612_1_Lab/2021-06-12-06-25-52.jpg,1072.128,324.648,1736.64,824.904,MESCHA,1920,1080
task_20210612_1_Lab/2021-06-12-06-25-56.jpg,831.744,570.78,1661.376,1080.0,MESCHA,1920,1080
task_20210612_1_Lab/2021-06-12-06-26-08.jpg,1175.232,225.396,1657.536,592.056,MESCHA,1920,1080
task_20210612_1_Lab/2021-06-12-06-26-08.jpg,308.736,213.84,891.456,522.612,MESCHA,1920,1080
task_20210612_1_Lab/2021-06-12-06-26-12.jpg,839.424,242.784,1395.264,503.28,MESCHA,1920,1080
task_20210612_1_Lab/2021-06-12-06-26-12.jpg,523.008,225.396,760.32,603.612,MESCHA,1920,1080
task_20210612_1_Lab/2021-06-12-06-26-21.jpg,501.696,213.84,802.752,603.612,MESCHA,1920,1080
task_20210612_1_Lab/2021-06-12-06-26-42.jpg,561.6,227.34,1229.184,613.332,MESCHA,1920,1080
task_20210612_1_Lab/2021-06-12-06-26-49.jpg,825.984,171.396,1238.784,775.332,MESCHA,1920,1080
task_20210612_1_Lab/2021-06-12-06-26-52.jpg,673.536,194.508,955.2,520.668,MESCHA,1920,1080
task_20210612_1_Lab/2021-06-12-06-26-58.jpg,1059.456,186.84,1451.136,605.556,MESCHA,1920,1080
task_20210612_1_Lab/2021-06-12-06-27-02.jpg,951.36,148.284,1427.904,549.612,MESCHA,1920,1080
task_20210612_1_Lab/2021-06-12-06-27-24.jpg,1034.112,272.916,1605.12,687.852,MESCHA,1920,1080
task_20210612_1_Lab/2021-06-12-06-27-24.jpg,688.512,260.064,1058.304,474.012,MESCHA,1920,1080
task_20210612_1_Lab/2021-06-12-06-27-31.jpg,729.408,267.84,1200.192,522.612,MESCHA,1920,1080
task_20210612_1_Lab/2021-06-12-06-27-31.jpg,1020.864,281.34,1410.624,700.056,MESCHA,1920,1080
task_20210612_1_Lab/2021-06-12-06-27-39.jpg,1211.328,526.392,1653.504,1080.0,MESCHA,1920,1080
task_20210612_1_Lab/2021-06-12-06-27-39.jpg,514.368,223.128,1088.064,521.964,MESCHA,1920,1080
task_20210612_1_Lab/2021-06-12-06-27-44.jpg,1040.064,273.672,1236.864,472.392,MESCHA,1920,1080
task_20210612_1_Lab/2021-06-12-06-28-03.jpg,936.0,229.284,1236.864,512.892,MESCHA,1920,1080
task_20210612_1_Lab/2021-06-12-06-28-11.jpg,678.528,237.816,1296.768,492.588,MESCHA,1920,1080
task_20210612_1_Lab/2021-06-12-06-28-11.jpg,958.656,719.496,1465.728,1080.0,MESCHA,1920,1080
task_20210612_1_Lab/2021-06-12-06-28-17.jpg,449.664,269.784,1024.704,551.556,MESCHA,1920,1080
task_20210612_1_Lab/2021-06-12-06-28-17.jpg,831.744,279.396,1427.904,534.168,MESCHA,1920,1080
task_20210612_1_Lab/2021-06-12-06-28-26.jpg,814.272,217.728,1350.72,638.388,MESCHA,1920,1080
task_20210612_1_Lab/2021-06-12-06-28-32.jpg,775.68,229.284,1418.304,553.5,MESCHA,1920,1080
task_20210612_1_Lab/2021-06-12-06-28-32.jpg,291.456,265.896,758.4,622.944,MESCHA,1920,1080
task_20210612_1_Lab/2021-06-12-06-28-37.jpg,465.024,267.84,931.968,705.888,MESCHA,1920,1080
task_20210612_1_Lab/2021-06-12-06-28-37.jpg,1146.24,244.728,1441.536,574.668,MESCHA,1920,1080
task_20210612_1_Lab/2021-06-12-06-28-41.jpg,638.784,250.56,957.12,615.168,MESCHA,1920,1080
task_20210612_1_Lab/2021-06-12-06-28-41.jpg,974.592,304.56,1383.552,565.056,MESCHA,1920,1080
task_20210612_1_Lab/2021-06-12-06-28-47.jpg,428.352,294.84,988.032,595.944,MESCHA,1920,1080
task_20210612_1_Lab/2021-06-12-06-28-47.jpg,914.688,227.34,1321.92,526.5,MESCHA,1920,1080
task_20210612_1_Lab/2021-06-12-06-28-47.jpg,920.448,642.276,1694.208,1080.0,MESCHA,1920,1080
task_20210612_1_Lab/2021-06-12-06-28-52.jpg,659.904,238.896,1111.488,549.612,MESCHA,1920,1080
task_20210612_1_Lab/2021-06-12-06-29-11.jpg,367.296,168.372,989.76,521.208,MESCHA,1920,1080
task_20210612_1_Lab/2021-06-12-06-29-49.jpg,978.432,240.84,1184.832,493.668,MESCHA,1920,1080
task_20210612_1_Lab/2021-06-12-06-29-53.jpg,833.664,200.34,1144.32,534.168,MESCHA,1920,1080
task_20210612_1_Lab/2021-06-12-06-30-04.jpg,870.336,202.284,1101.888,595.944,MESCHA,1920,1080
task_20210612_1_Lab/2021-06-12-06-30-17.jpg,501.696,223.452,1109.568,530.28,MESCHA,1920,1080
task_20210612_1_Lab/2021-06-12-06-30-27.jpg,663.936,223.452,1132.608,827.496,MESCHA,1920,1080
task_20210612_1_Lab/2021-06-12-06-30-27.jpg,999.552,240.84,1364.352,505.224,MESCHA,1920,1080
task_20210612_1_Lab/2021-06-12-06-30-31.jpg,1267.776,296.784,1491.648,775.332,MESCHA,1920,1080
task_20210612_1_Lab/2021-06-12-06-30-31.jpg,335.808,271.728,957.12,742.608,MESCHA,1920,1080
task_20210612_1_Lab/2021-06-12-06-30-35.jpg,656.064,206.172,928.128,462.78,MESCHA,1920,1080
task_20210612_1_Lab/2021-06-12-06-30-35.jpg,881.856,198.396,1418.304,480.168,MESCHA,1920,1080
task_20210612_1_Lab/2021-06-12-06-30-40.jpg,463.68,242.244,1096.128,555.876,MESCHA,1920,1080
task_20210612_1_Lab/2021-06-12-06-30-44.jpg,936.0,377.892,1271.616,964.44,MESCHA,1920,1080
task_20210612_1_Lab/2021-06-12-06-31-02.jpg,941.76,244.728,1545.6,719.388,MESCHA,1920,1080
task_20210612_1_Lab/2021-06-12-06-31-05.jpg,579.456,179.82,1131.072,511.164,MESCHA,1920,1080
task_20210612_1_Lab/2021-06-12-06-31-05.jpg,1132.608,231.336,1344.96,528.768,MESCHA,1920,1080
task_20210612_1_Lab/2021-06-12-06-31-11.jpg,511.296,196.452,1136.64,538.056,MESCHA,1920,1080
task_20210612_1_Lab/2021-06-12-06-31-21.jpg,318.336,283.284,895.296,607.5,MESCHA,1920,1080
task_20210612_1_Lab/2021-06-12-06-31-24.jpg,472.704,283.284,1092.288,653.832,MESCHA,1920,1080
task_20210612_1_Lab/2021-06-12-06-31-38.jpg,845.184,375.948,1667.328,823.608,MESCHA,1920,1080
task_20210612_1_Lab/2021-06-12-06-31-42.jpg,484.416,291.06,1227.264,659.556,MESCHA,1920,1080
task_20210612_1_Lab/2021-06-12-06-32-05.jpg,1053.696,271.728,1379.712,636.444,MESCHA,1920,1080
task_20210612_1_Lab/2021-06-12-06-32-30.jpg,1175.232,306.504,1815.744,696.276,MESCHA,1920,1080
task_20210612_1_Lab/2021-06-12-06-32-34.jpg,669.696,229.284,1032.384,742.608,MESCHA,1920,1080
task_20210612_1_Lab/2021-06-12-06-32-34.jpg,617.472,233.172,1184.832,478.224,MESCHA,1920,1080
task_20210612_1_Lab/2021-06-12-06-32-39.jpg,582.72,265.896,930.048,487.836,MESCHA,1920,1080
task_20210612_1_Lab/2021-06-12-06-32-59.jpg,793.152,308.448,1088.448,773.388,MESCHA,1920,1080
task_20210612_1_Lab/2021-06-12-06-33-04.jpg,690.816,236.952,982.272,511.056,MESCHA,1920,1080
task_20210612_1_Lab/2021-06-12-06-33-15.jpg,495.936,296.784,1256.256,738.72,MESCHA,1920,1080
task_20210612_1_Lab/2021-06-12-06-33-19.jpg,795.072,269.784,1362.432,675.0,MESCHA,1920,1080
task_20210612_1_Lab/2021-06-12-06-33-23.jpg,1053.696,246.672,1676.928,605.556,MESCHA,1920,1080
task_20210612_1_Lab/2021-06-12-06-33-26.jpg,941.76,196.452,1601.664,651.888,MESCHA,1920,1080
task_20210612_1_Lab/2021-06-12-06-33-31.jpg,943.68,277.56,1406.784,777.276,MESCHA,1920,1080
task_20210612_1_Lab/2021-06-12-06-33-42.jpg,1119.168,236.952,1468.416,561.168,MESCHA,1920,1080
task_20210612_1_Lab/2021-06-12-06-33-51.jpg,854.784,235.116,1449.216,532.224,MESCHA,1920,1080
task_20210612_1_Lab/2021-06-12-06-33-56.jpg,839.424,609.444,1707.84,1057.104,MESCHA,1920,1080
task_20210612_1_Lab/2021-06-12-06-33-56.jpg,441.984,252.396,1169.472,590.112,MESCHA,1920,1080
task_20210612_1_Lab/2021-06-12-06-34-18.jpg,633.024,379.836,1397.184,819.72,MESCHA,1920,1080
task_20210612_1_Lab/2021-06-12-06-34-45.jpg,279.744,186.84,773.76,543.78,MESCHA,1920,1080
task_20210612_1_Lab/2021-06-12-06-34-50.jpg,547.968,260.172,777.6,511.056,MESCHA,1920,1080
task_20210612_1_Lab/2021-06-12-06-34-50.jpg,1279.296,752.22,1632.576,1080.0,MESCHA,1920,1080
task_20210612_1_Lab/2021-06-12-06-34-54.jpg,666.24,211.14,974.784,816.912,MESCHA,1920,1080
task_20210612_1_Lab/2021-06-12-06-34-58.jpg,854.784,225.396,1155.84,491.724,MESCHA,1920,1080
task_20210612_1_Lab/2021-06-12-06-35-02.jpg,403.392,225.396,1076.736,567.0,MESCHA,1920,1080
task_20210612_1_Lab/2021-06-12-06-35-38.jpg,1015.104,337.392,1312.128,729.108,MESCHA,1920,1080
task_20210612_1_Lab/2021-06-12-06-36-08.jpg,997.632,264.06,1225.344,501.336,MESCHA,1920,1080
task_20210612_1_Lab/2021-06-12-06-36-22.jpg,986.112,233.172,1246.656,595.944,MESCHA,1920,1080
task_20210612_1_Lab/2021-06-12-06-36-22.jpg,845.184,570.78,1343.04,1080.0,MESCHA,1920,1080
task_20210612_1_Lab/2021-06-12-06-36-26.jpg,908.928,291.06,1458.816,563.112,MESCHA,1920,1080
task_20210612_1_Lab/2021-06-12-06-36-26.jpg,824.064,507.168,1302.528,1074.492,MESCHA,1920,1080
task_20210612_1_Lab/2021-06-12-06-36-30.jpg,609.792,700.056,1370.112,1080.0,MESCHA,1920,1080
task_20210612_1_Lab/2021-06-12-06-36-30.jpg,326.208,254.34,771.84,646.056,MESCHA,1920,1080
task_20210612_1_Lab/2021-06-12-06-36-30.jpg,970.56,254.448,1300.608,507.168,MESCHA,1920,1080
task_20210612_1_Lab/2021-06-12-06-37-09.jpg,356.928,240.84,708.288,665.388,MESCHA,1920,1080
task_20210612_1_Lab/2021-06-12-06-37-19.jpg,710.208,217.728,1231.104,474.336,MESCHA,1920,1080
task_20210612_1_Lab/2021-06-12-06-37-19.jpg,1142.4,698.22,1675.008,1080.0,MESCHA,1920,1080
task_20210612_1_Lab/2021-06-12-06-37-30.jpg,856.704,235.116,1271.616,476.28,MESCHA,1920,1080
task_20210612_1_Lab/2021-06-12-06-37-30.jpg,615.552,248.616,974.592,738.72,MESCHA,1920,1080
task_20210612_1_Lab/2021-06-12-06-37-38.jpg,1271.616,603.612,1644.096,1078.38,MESCHA,1920,1080
task_20210612_1_Lab/2021-06-12-06-37-38.jpg,501.696,314.172,947.52,781.164,MESCHA,1920,1080
task_20210612_1_Lab/2021-06-12-06-37-38.jpg,820.224,256.284,1381.632,464.724,MESCHA,1920,1080
task_20210612_1_Lab/2021-06-12-06-37-42.jpg,571.2,125.064,1067.136,831.384,MESCHA,1920,1080
task_20210612_1_Lab/2021-06-12-06-37-42.jpg,773.76,200.34,1325.76,445.392,MESCHA,1920,1080
task_20210612_1_Lab/2021-06-12-06-37-46.jpg,1030.464,474.228,1815.36,1064.772,MESCHA,1920,1080
task_20210612_1_Lab/2021-06-12-06-37-54.jpg,615.552,182.952,928.128,825.552,MESCHA,1920,1080
task_20210612_1_Lab/2021-06-12-06-38-02.jpg,665.856,209.952,991.872,792.72,MESCHA,1920,1080
task_20210612_1_Lab/2021-06-12-06-38-06.jpg,1314.048,642.276,1744.512,1057.104,MESCHA,1920,1080
task_20210612_1_Lab/2021-06-12-06-38-10.jpg,403.008,0.0,1581.504,1080.0,MESCHA,1920,1080
task_20210612_1_Lab/2021-06-12-06-38-17.jpg,316.416,302.616,1140.48,671.22,MESCHA,1920,1080
task_20210612_1_Lab/2021-06-12-06-38-52.jpg,814.272,314.172,1624.704,692.388,MESCHA,1920,1080
task_20210612_1_Lab/2021-06-12-06-39-36.jpg,878.016,269.784,1084.416,536.112,MESCHA,1920,1080
task_20210612_1_Lab/2021-06-12-06-39-58.jpg,965.184,210.276,1222.272,578.448,MESCHA,1920,1080
task_20210612_1_Lab/2021-06-12-06-40-05.jpg,816.192,244.728,1401.024,563.112,MESCHA,1920,1080
task_20210612_1_Lab/2021-06-12-06-41-06.jpg,978.432,327.672,1424.064,781.164,MESCHA,1920,1080
task_20210612_1_Lab/2021-06-12-06-44-48.jpg,843.264,279.396,1090.368,557.28,MESCHA,1920,1080
task_20210612_1_Lab/2021-06-12-06-45-14.jpg,644.544,208.008,922.368,540.0,MESCHA,1920,1080
task_20210612_1_Lab/2021-06-12-06-49-45.jpg,914.688,320.004,1283.328,773.388,MESCHA,1920,1080
task_20210612_1_Lab/2021-06-12-06-50-04.jpg,868.416,252.396,1080.576,491.724,MESCHA,1920,1080
task_20210612_1_Lab/2021-06-12-06-50-12.jpg,1005.312,256.284,1393.152,609.444,MESCHA,1920,1080
task_20210612_1_Lab/2021-06-12-06-51-04.jpg,1082.88,243.216,1302.72,507.168,MESCHA,1920,1080
task_20210612_1_Lab/2021-06-12-06-51-55.jpg,955.2,269.784,1451.136,584.388,MESCHA,1920,1080
task_20210612_1_Lab/2021-06-12-06-52-02.jpg,546.048,208.008,1015.104,798.552,MESCHA,1920,1080
task_20210612_1_Lab/2021-06-12-06-53-07.jpg,909.12,291.384,1138.368,515.916,MESCHA,1920,1080
task_20210612_1_Lab/2021-06-12-06-53-47.jpg,1000.32,207.252,1305.984,575.424,MESCHA,1920,1080
task_20210612_1_Lab/2021-06-12-07-01-59.jpg,474.816,339.228,1107.648,657.612,MESCHA,1920,1080
task_20210612_1_Lab/2021-06-12-07-03-54.jpg,1289.088,281.34,1723.2,779.22,MESCHA,1920,1080
task_20210612_1_Lab/2021-06-12-07-06-25.jpg,872.256,291.06,1117.248,530.28,MESCHA,1920,1080
task_20210612_1_Lab/2021-06-12-07-07-27.jpg,1078.656,258.228,1356.672,615.168,MESCHA,1920,1080
task_20210612_1_Lab/2021-06-12-07-07-31.jpg,459.264,246.672,1140.48,580.5,MESCHA,1920,1080
task_20210612_1_Lab/2021-06-12-07-07-38.jpg,1263.936,306.504,1719.36,705.888,MESCHA,1920,1080
task_20210612_1_Lab/2021-06-12-07-07-43.jpg,972.672,265.896,1590.144,651.888,MESCHA,1920,1080
task_20210612_1_Lab/2021-06-12-07-07-47.jpg,607.872,267.84,989.952,723.276,MESCHA,1920,1080
task_20210612_1_Lab/2021-06-12-07-07-51.jpg,486.336,240.84,1020.864,653.832,MESCHA,1920,1080
task_20210612_1_Lab/2021-06-12-07-07-58.jpg,936.0,267.84,1200.192,491.724,MESCHA,1920,1080
task_20210612_1_Lab/2021-06-12-07-08-55.jpg,1099.968,258.228,1690.368,657.612,MESCHA,1920,1080
task_20210612_1_Lab/2021-06-12-07-09-06.jpg,812.352,240.84,1429.824,534.168,MESCHA,1920,1080
