2022-08-29-13-21-39_balacet_1SITTOR.mp4,SITTOR,MESCHA
2022-08-29-13-23-31_balacet_1MESCHA_PMRV.mp4,MESCHA
2022-08-29-13-32-21_balacet_1ROUFAM.mp4,ROUGOR
2022-08-29-14-02-28_balacet_1MESCHA_MCTN.mp4,MESCHA
2022-08-29-15-13-45_balacet_1MESNON_NMTA.mp4,MESNON
2022-08-29-15-28-39_balacet_1MESNON_1MESCHA.mp4,MESNON,MESCHA
2022-08-29-15-34-24_balacet_1SITTOR.mp4,SITTOR
2022-08-29-15-35-26_balacet_1SITTOR_1MESCHA.mp4,SITTOR,MESCHA
2022-08-29-16-21-06_balacet_1ROUFAM.mp4,ROUGOR
2022-08-29-16-32-38_balacet_1MESCHA_MCTN.mp4,MESCHA
2022-08-30-05-48-02_balacet_1SITTOR_1MESCHA_1SITTOR.mp4,SITTOR,MESCHA,SITTOR
2022-08-30-06-32-55_balacet_1MESCHA_MCTN.mp4,MESCHA
2022-08-30-06-45-56_balacet_1MESCHA.mp4,MESCHA
2022-08-30-07-14-41_balacet_1SITTOR.mp4,SITTOR
2022-08-30-07-22-38_balacet_1SITTOR_1MESNON.mp4,SITTOR,MESNON
2022-08-30-08-44-23_balacet_1MESCHA_PMRV_1SITTOR.mp4,MESCHA,SITTOR
2022-08-30-09-21-07_balacet_1SITTOR.mp4,SITTOR
2022-08-30-11-33-35_balacet_1MESCHA_1MESCHA.mp4,MESCHA,MESCHA
2022-08-30-12-29-36_balacet_1MESCHA_MCTN.mp4,MESCHA
2022-08-30-15-16-47_balacet_1SITTOR.mp4,SITTOR
2022-08-31-07-32-42_balacet_1MESCHA_1MESCHA.mp4,MESCHA,MESCHA
2022-08-22-09-58-41_C1_1MESCHA.mp4,MESCHA,SITTOR
2022-08-22-09-59-01_C1_1SITTOR.mp4,SITTOR
2022-08-22-10-00-07._C1_1MESCHA_AVEMmp4.mp4,MESCHA
2022-08-22-10-06-02_C1_1MESNON.mp4,MESNON
2022-08-22-10-32-44_C1_1SITTOR.mp4,SITTOR
2022-08-22-10-43-20_C1_1MESNON.mp4,MESNON
2022-08-22-10-56-57_C1_2SITTOR.mp4,SITTOR,SITTOR
2022-08-22-11-37-34_C1_1MESCHA.mp4,MESCHA
2022-08-22-12-59-43_C1_1SITTOR_1MESCHA_AVOM.mp4,SITTOR,MESCHA
2022-08-22-16-25-00_C1_1MESNON_1MESCHA_AVOM.mp4,MESNON,MESCHA
2022-08-23-05-51-16_C1_1SITTOR.mp4,SITTOR
2022-08-23-06-52-56_C1_2MESCHA.mp4,MESCHA,MESCHA
2022-08-23-06-54-39_C1_2MESCHA_EMOG.mp4,MESCHA,MESCHA
2022-08-23-08-08-12_C1_2MESCHA.mp4,MESCHA,MESCHA
2022-08-23-15-36-30_C1_1ROUGOR.mp4,ROUGOR
2022-08-23-15-37-31_C1_1ROUGOR.mp4,ROUGOR
2022-08-24-07-59-50_C4_1MESCHA_GOME.mp4,MESCHA
2022-08-24-08-09-58_C4_1ROUFAM.mp4,ROUGOR
2022-08-24-09-14-39_C4_1ROUFAM.mp4,ROUGOR
2022-08-24-11-40-20_C4_1MESCHA.mp4,MESCHA
2022-08-24-13-17-51_C4_1MESCHA_AYOM.mp4,MESCHA
2022-08-24-13-28-11_C4_1MESNON_AUGM.mp4,MESNON
2022-08-24-13-55-43_C4_1MESBLE.mp4,MESBLE
2022-08-24-13-57-43_C4_1MESBLE_1MESCHA_AYOM.mp4,MESBLE,MESCHA
2022-08-24-14-03-43_C4_1MESNOI.mp4,MESNOI
2022-08-24-14-04-07_C4_1MESBLE_1MESCHA_AYOM.mp4,MESBLE,MESCHA
2022-08-24-14-06-10_C4_1MESNON_1MESNOI.mp4,MESNON,MESNOI
2022-08-24-14-07-33_C4_1SITTOR.mp4,SITTOR
2022-08-24-14-20-58_C4_1MESNOI.mp4,MESNOI
2022-08-24-14-26-05_C4_1SITTOR_1MESBLE_1MESCHA.mp4,SITTOR,MESBLE,MESCHA
2022-08-24-14-26-51_C4_1MESCHA_GOME_1SITTOR.mp4,MESCHA,SITTOR
2022-08-24-14-28-24_C4_1SITTOR_1SITTOR.mp4,SITTOR,SITTOR
2022-08-24-14-30-08_C4_1SITTOR_1MESCHA_AYOM.mp4,SITTOR,MESCHA
2022-08-24-14-35-41_C4_1MESNOI_1MESCHA.mp4,MESNOI,MESCHA
2022-08-24-14-37-29_C4_1SITTOR_1MESCHA.mp4,SITTOR,MESCHA
2022-08-24-14-48-26_C4_1MESNON_AUGM.mp4,MESNON
2022-08-24-14-49-41_C4_1SITTOR_1MESNOI.mp4,SITTOR,MESNOI
2022-08-24-14-58-54_C4_1MESNOI_1ROUFAM.mp4,MESNOI,ROUGOR
2022-08-24-14-59-51_C4_1ROUFAM_1SITTOR.mp4,ROUGOR,SITTOR
2022-08-24-15-02-16_C4_1MESNON_1MESNOI.mp4,MESNON,MESNOI
2022-08-24-15-05-13_C4_1MESNOI_1SITTOR_1MESNOI.mp4,MESNOI,SITTOR,MESNOI
2022-08-24-15-10-49_C4_1MESBLE.mp4,MESBLE
2022-08-24-15-52-45_C4_1MESNON.mp4,MESNON
2022-08-24-15-53-40_C4_1MESNON_1MESCHA_1ROUFAM.mp4,MESNON,MESCHA,ROUGOR
2022-08-24-16-44-00_C4_1MESHUP_1SITTOR_1MESHUP.mp4,MESHUP,SITTOR,MESHUP
2022-08-24-16-44-28_C4_1MESNON_1MESCHA_1MESHUP.mp4,MESNON,MESCHA,MESHUP
2022-08-24-16-58-41_C4_1MESHUP_1SITTOR.mp4,MESHUP,SITTOR
2022-08-24-17-05-36_C4_1ROUFAM.mp4,ROUGOR
2022-08-24-17-23-46_C4_1ROUFAM.mp4,ROUGOR
2022-08-25-05-51-53_C4_1SITTOR_1MESNON.mp4,SITTOR,MESNON
2022-08-25-06-02-24_C4_1ROUFAM_1SITTOR.mp4,ROUGOR,SITTOR
2022-08-25-06-27-09_C4_1SITTOR_1MESHUP_1SITTOR.mp4,SITTOR,MESHUP,SITTOR
2022-08-25-07-11-36_C4_1ROUFAM_1MESNOI.mp4,ROUGOR,MESNOI
2022-08-25-07-37-30_C4_1SITTOR_1MESCHA_1MESCHA_1SITTOR.mp4,SITTOR,MESCHA,MESCHA,SITTOR
2022-08-25-07-43-08_C4_1SITTOR_1MESNON_1MESCHA.mp4,SITTOR,MESNON,MESCHA
2022-08-25-07-52-02_C4_1MESNOI_1MESHUP.mp4,MESNOI,MESHUP
2022-08-25-08-17-11_C4_1MESHUP.mp4,MESHUP
2022-08-25-09-40-04_C4_1SITTOR_1MESBLE_1SITTOR.mp4,SITTOR,MESBLE,SITTOR
2022-08-25-10-30-17_C4_1MESNON_1MESBLE_RGBM.mp4,MESNON,MESBLE
2022-08-25-12-25-16_C4_1MESNON_1MESCHA_1MESCHA_VMTC.mp4,MESNON,MESCHA,MESCHA
2022-07-28-10-26-15_gajan_1ROUGOR.mp4,ROUGOR
2022-07-28-10-26-32_gajan_1ROUGOR.mp4,ROUGOR
2022-07-28-10-26-49_gajan_1ROUGOR.mp4,ROUGOR
2022-07-28-11-14-23_gajan_1MESCHA.mp4,MESCHA
2022-07-28-11-15-53_gajan_1MESCHA.mp4,MESCHA
2022-07-28-11-17-55_gajan_1MESCHA.mp4,MESCHA
2022-08-22-10-09-52_gajan_2MESNON.mp4,MESNON,MESNON
2022-08-22-10-13-45_gajan_1MESNON_1MESBLEU_1SITEUR.mp4,MESNON,MESBLE,SITTOR
